[gd_scene load_steps=8 format=2]

[ext_resource path="res://assets/human.obj" type="ArrayMesh" id=1]
[ext_resource path="res://assets/AK/Scenes/AK.tscn" type="PackedScene" id=2]
[ext_resource path="res://Enemy/Enemy.gd" type="Script" id=3]
[ext_resource path="res://assets/iron_knife.tscn" type="PackedScene" id=4]
[ext_resource path="res://Enemy/explosion.tscn" type="PackedScene" id=5]

[sub_resource type="CapsuleShape" id=6]
radius = 0.137748
height = 0.122553

[sub_resource type="CapsuleShape" id=7]
radius = 0.263671
height = 1.21289

[node name="human" type="MeshInstance" groups=["enemies"]]
transform = Transform( 1, 0, 0, 0, 1, 0, 0, 0, 1, 0.00214663, -2.98023e-08, -6.18696e-05 )
mesh = ExtResource( 1 )
skeleton = NodePath("")
material/0 = null
script = ExtResource( 3 )
explosion = ExtResource( 5 )

[node name="Head" type="KinematicBody" parent="."]
collision_layer = 2

[node name="Shape" type="CollisionShape" parent="Head"]
transform = Transform( 1, 0, 0, 0, -4.37114e-08, 1, 0, -1, -4.37114e-08, -0.0120821, 1.69241, -0.0238613 )
shape = SubResource( 6 )

[node name="Body" type="KinematicBody" parent="."]
collision_layer = 2

[node name="Body" type="CollisionShape" parent="Body"]
transform = Transform( 1, 0, 0, 0, -4.37114e-08, 1, 0, -1, -4.37114e-08, -0.0137064, 0.758376, -0.0411901 )
shape = SubResource( 7 )

[node name="AK" parent="." instance=ExtResource( 2 )]
transform = Transform( 0.586514, 0.809939, 0, -0.809939, 0.586514, 0, 0, 0, 1, -0.122761, 1.34216, 0.117658 )

[node name="AK2" parent="." instance=ExtResource( 2 )]
transform = Transform( -0.713556, -0.700598, 0, -0.700598, 0.713556, 0, 0, 0, 1, 0.117377, 1.37821, -0.190423 )

[node name="AK5" parent="." instance=ExtResource( 2 )]
transform = Transform( -0.00519683, 0.133816, -0.990993, 0.999247, 0.0388064, 0, -0.0384568, 0.990246, 0.133917, -0.14341, 1.24202, -0.247434 )

[node name="AK3" parent="." instance=ExtResource( 2 )]
transform = Transform( 0.00890145, -0.25904, -0.965826, -0.999606, -0.0280054, -0.00170159, -0.0266075, 0.965461, -0.259187, -0.293229, 0.848706, -0.0797045 )

[node name="AK4" parent="." instance=ExtResource( 2 )]
transform = Transform( -0.0166222, 0.184641, -0.982665, -0.999712, -0.0200657, 0.0131402, -0.0172916, 0.982601, 0.184921, 0.267076, 0.836335, -0.0797046 )

[node name="iron_knife" parent="." instance=ExtResource( 4 )]
transform = Transform( -0.981325, -0.17077, 0.0885352, 0.0960069, -0.035986, 0.99473, -0.166684, 0.984654, 0.051709, -0.122569, 0.867127, 0.0730432 )

[node name="iron_knife2" parent="." instance=ExtResource( 4 )]
transform = Transform( -0.734524, 0.240173, 0.634659, 0.611468, -0.171293, 0.772506, 0.294247, 0.955498, -0.0210394, 0.0128672, 1.32515, 0.0911561 )

[node name="iron_knife3" parent="." instance=ExtResource( 4 )]
transform = Transform( 0.0387661, -0.0444219, 0.998261, 0.974381, 0.223165, -0.027908, -0.221537, 0.973768, 0.0519351, 0.00844156, 1.07046, -0.160324 )
