[gd_scene load_steps=4 format=2]

[ext_resource path="res://AimtrainEnvironment.tscn" type="PackedScene" id=1]
[ext_resource path="res://UI.tscn" type="PackedScene" id=2]
[ext_resource path="res://Enemy.tscn" type="PackedScene" id=3]

[node name="Main" type="Node"]

[node name="AimtrainEnvironment" parent="." instance=ExtResource( 1 )]
transform = Transform( 1, 0, 0, 0, 1, 0, 0, 0, 1, -0.0252061, 0.0621018, -0.0280681 )

[node name="UI" parent="." instance=ExtResource( 2 )]

[node name="human" parent="." instance=ExtResource( 3 )]
transform = Transform( 0.193104, 0, 0.981178, 0, 1, 0, -0.981178, 0, 0.193104, -1.13329, 0.0621042, -1.61797 )

[node name="human2" parent="." instance=ExtResource( 3 )]
transform = Transform( -0.510618, 0, 0.859808, 0, 1, 0, -0.859808, 0, -0.510618, -1.37991, 0.0621042, 1.3208 )

[node name="human3" parent="." instance=ExtResource( 3 )]
transform = Transform( -0.510618, 0, 0.859808, 0, 1, 0, -0.859808, 0, -0.510618, -1.37991, 0.0621042, 6.99512 )
visible = false
